MJ5V

190.112

196.586

195.741
	MJ7V

198.837

196.867

198.837
	MJ5J

164.501

166.472

167.034
	MJ7J

156.34

159.154

159.998
	ME5V

204.184

201.37

203.622
	ME7V

211.22

209.813

212.346
	ME5J

266.101

273.419

274.544
	ME7J

152.118

155.214

146.208
	M5V

123.693

115.812

129.322
	M5J

141.705

145.364

133.825
	M7V

129.04

129.603

132.417
	M7J

104.273

109.058

109.339
	S5V

123.411

126.507

126.789
	S5J

149.022

148.459

150.711
	S7V

136.357

138.328

136.357
	S7J

129.322

136.076

133.543
	